Mirha,364545474112,2,1,0,0,1,Lahore,Dubai,31215454541
Ali,3640207451,1,0,0,0,1,Multan,Karachi,03247512487
Uzair,36402026847,0,1,0,0,1,Quetta,Dubai,03225512489
Sara,36402214875,0,1,1,1,3,Sialkot,AbuDhabi,03247958487
Usman,36402694781,1,0,1,0,2,Peshawar,London,0324796847
Zimal,36402485451,0,1,0,1,2,Karachi,Toronto,030414724866
Bilal,36402627451,2,2,1,0,5,Lahore,Kualalampur,030426824869
Kamran,35454774410,2,1,0,1,0,Damam,Lahore,0355572241
Minahil,3545474241,4,1,0,2,1,Karachi,Quetta,
Suleman,3640245745,3,0,2,1,0,Multan,Madina,03545752245
Nofil,352154241,1,1,0,0,0,Lahore,Berlin,0325421245
Kinza,12454235,4,1,0,2,1,Baku,Karachi,03154245581
Ghania,364021545224,5,1,0,4,0,Berlin,LA,03154224551
Ishaq,32454212241,3,2,1,0,0,Riyadh,London,03414542454
Laiba,35412412,1,0,0,1,0,Monaco,Turkey,95512424
Jamal,252355354,1,1,0,0,0,Tehran,Washington,6725231200
Coco,6474122241,1,1,0,0,0,LA,Monaco,3647511258
Osman,52488124,2,1,0,1,0,Anatolia,Capadoccio,4861423015
Qira,64244124,2,1,1,0,0,Dubai,London,2834921761
Yumna,19348215640,1,1,0,0,0,Damam,Tehran,1934852455
Farwa,3695556445,1,1,0,0,0,Lahore,Turkey,3693245585
,,0,0,0,0,0,,,
Rimsha,694751584,1,1,0,0,0,Paris,Berlin,193472824617
Haeqah,934582150404,2,2,0,0,0,Lahore,LA,03255541204
